0 163 0
76 0 1
0 182 0
54 0 1
99 109 2
149 38 2
99 118 2
49 171 2
59 149 3
149 7 2
99 142 2
149 7 2
99 142 2
149 9 2
99 136 2
149 15 2
99 51 2
100 49 3
0 100 0
50 53 0
0 139 0
55 149 3
69 149 3
49 164 2
49 185 2
82 149 3
49 173 2
76 0 1
0 160 0
72 0 1
0 172 0
109 0 1
0 130 0
0 131 0
0 131 0
0 131 0
0 131 0
0 172 0
81 0 1
85 0 1
0 184 0
85 0 1
0 177 0
0 177 0
0 177 0
0 177 0
0 177 0
0 177 0
0 177 0
0 177 0
0 177 0
0 177 0
0 177 0
0 177 0
0 172 0
50 17 0
50 17 0
50 82 0
29 100 1
50 66 0
8 100 1
50 48 0
0 105 0
92 149 3
138 0 1
1 199 3
88 0 1
6 199 3
76 0 1
0 182 0
83 0 1
0 173 0
66 0 1
0 163 0
73 149 3
49 152 2
74 149 3
49 182 2
144 0 1
99 148 2
99 147 2
149 2 2
99 134 2
34 100 1
50 58 0
9 100 1
50 49 0
29 100 1
50 82 0
123 49 3
20 199 3
72 0 1
0 144 0
146 0 1
99 147 2
149 2 2
45 199 3
52 149 3
60 149 3
49 173 2
73 149 3
49 159 2
144 0 1
99 148 2
49 199 3
96 149 3
149 31 2
99 89 2
144 49 3
144 49 3
144 49 3
115 49 3
0 104 0
50 51 0
3 100 1
50 40 0
0 112 0
50 73 0
131 49 3
99 72 2
128 49 3
99 118 2
149 40 2
99 93 2
149 45 2
99 85 2
143 49 3
99 104 2
115 49 3
115 49 3
119 49 3
99 64 2
120 49 3
99 98 2
119 49 3
10 100 1
50 38 0
0 177 0
0 177 0
0 172 0
120 0 1
21 199 3
144 0 1
99 148 2
49 199 3
96 149 3
149 0 2
42 199 3
132 0 1
99 134 2
32 100 1
54 149 3
49 190 2
144 0 1
49 199 3
96 149 3
149 0 2
37 199 3
80 149 3
49 175 2
50 14 0
0 158 0
81 0 1
60 0 1
0 160 0
53 149 3
57 149 3
52 149 3
50 82 0
29 100 1
50 66 0
8 100 1
50 12 0
0 170 0
50 11 0
0 144 0
50 0 1
0 158 0
119 49 3
99 70 2
19 100 1
50 77 0
8 100 1
50 73 0
32 100 1
50 85 0
140 49 3
99 119 2
149 29 2
99 117 2
149 49 2
99 104 2
149 23 2
99 127 2
149 40 2
99 93 2
