63 0 3  ->  0 163 0
0 176 2  ->  76 0 1
82 0 3  ->  0 182 0
0 154 2  ->  54 0 1
149 40 0  ->  99 109 2
99 111 0  ->  149 38 2
149 31 0  ->  99 118 2
71 149 1  ->  49 171 2
49 159 0  ->  59 149 3
99 142 0  ->  149 7 2
149 7 0  ->  99 142 2
99 142 0  ->  149 7 2
149 7 0  ->  99 142 2
99 140 0  ->  149 9 2
149 13 0  ->  99 136 2
99 134 0  ->  149 15 2
101 49 1  ->  99 51 2
99 50 0  ->  100 49 3
50 49 2  ->  0 100 0
3 100 3  ->  50 53 0
50 10 2  ->  0 139 0
49 155 0  ->  55 149 3
49 169 0  ->  69 149 3
64 149 1  ->  49 164 2
85 149 1  ->  49 185 2
49 182 0  ->  82 149 3
73 149 1  ->  49 173 2
0 176 2  ->  76 0 1
60 0 3  ->  0 160 0
0 172 2  ->  72 0 1
72 0 3  ->  0 172 0
9 199 1  ->  109 0 1
50 19 2  ->  0 130 0
50 6 2  ->  0 143 0
0 149 2  ->  50 0 0
122 0 3  ->  22 199 3
25 199 1  ->  125 0 1
122 0 3  ->  22 199 3
49 180 0  ->  80 149 3
87 149 1  ->  49 187 2
49 192 0  ->  92 149 3
49 194 0  ->  94 149 3
97 149 1  ->  49 197 2
40 199 1  ->  140 0 1
142 0 3  ->  42 199 3
0 190 2  ->  90 0 1
72 0 3  ->  0 172 0
49 152 0  ->  52 149 3
99 81 0  ->  131 49 3
135 49 1  ->  99 85 2
99 93 0  ->  143 49 3
149 25 0  ->  99 124 2
99 124 0  ->  149 25 2
149 19 0  ->  99 130 2
50 34 2  ->  0 115 0
30 100 3  ->  50 80 0
50 79 2  ->  29 100 1
16 100 3  ->  50 66 0
50 58 2  ->  8 100 1
24 100 3  ->  50 74 0
47 100 3  ->  50 97 0
99 109 0  ->  149 40 2
149 31 0  ->  99 118 2
99 104 0  ->  149 45 2
106 49 1  ->  99 56 2
112 49 1  ->  99 62 2
99 62 0  ->  112 49 3
109 49 1  ->  99 59 2
101 49 1  ->  99 51 2
99 69 0  ->  119 49 3
107 0 3  ->  7 199 3
0 199 2  ->  99 0 1
0 180 2  ->  80 0 1
67 0 3  ->  0 167 0
0 168 2  ->  68 0 1
77 0 3  ->  0 177 0
80 0 3  ->  0 180 0
49 198 0  ->  98 149 3
99 134 0  ->  149 15 2
149 15 0  ->  99 134 2
99 141 0  ->  149 8 2
149 11 0  ->  99 138 2
98 149 1  ->  49 198 2
44 199 1  ->  144 0 1
144 0 3  ->  44 199 3
49 189 0  ->  89 149 3
49 178 0  ->  78 149 3
59 149 1  ->  49 159 2
0 132 2  ->  50 17 0
0 181 2  ->  81 0 1
0 191 2  ->  91 0 1
86 0 3  ->  0 186 0
0 187 2  ->  87 0 1
86 0 3  ->  0 186 0
0 187 2  ->  87 0 1
74 0 3  ->  0 174 0
62 0 3  ->  0 162 0
49 180 0  ->  80 149 3
75 149 1  ->  49 175 2
49 174 0  ->  74 149 3
82 149 1  ->  49 182 2
49 165 0  ->  65 149 3
73 149 1  ->  49 173 2
0 153 2  ->  53 0 1
58 0 3  ->  0 158 0
0 185 2  ->  85 0 1
90 0 3  ->  0 190 0
21 199 1  ->  121 0 1
122 0 3  ->  22 199 3
19 199 1  ->  119 0 1
120 0 3  ->  20 199 3
0 183 2  ->  83 0 1
84 0 3  ->  0 184 0
0 185 2  ->  85 0 1
99 65 0  ->  115 49 3
99 73 0  ->  123 49 3
128 0 3  ->  28 199 3
0 185 2  ->  85 0 1
74 0 3  ->  0 174 0
58 0 3  ->  0 158 0
0 149 2  ->  50 0 0
50 6 2  ->  0 143 0
0 149 2  ->  50 0 0
63 0 3  ->  0 163 0
0 164 2  ->  64 0 1
0 156 2  ->  56 0 1
50 12 2  ->  0 137 0
0 137 2  ->  50 12 0
50 6 2  ->  0 143 0
0 172 2  ->  72 0 1
82 0 3  ->  0 182 0
0 154 2  ->  54 0 1
50 15 2  ->  0 134 0
50 5 2  ->  0 144 0
49 152 0  ->  52 149 3
37 100 3  ->  50 87 0
50 56 2  ->  6 100 1
0 102 2  ->  50 47 0
50 48 2  ->  0 101 0
39 100 3  ->  50 89 0
90 149 1  ->  49 190 2
44 199 1  ->  144 0 1
149 1 0  ->  99 148 2
149 2 0  ->  99 147 2
99 147 0  ->  149 2 2
149 15 0  ->  99 134 2
79 149 1  ->  49 179 2
49 183 0  ->  83 149 3
46 199 1  ->  146 0 1
145 0 3  ->  45 199 3
49 189 0  ->  89 149 3
48 199 1  ->  148 0 1
147 0 3  ->  47 199 3
0 190 2  ->  90 0 1
77 0 3  ->  0 177 0
80 0 3  ->  0 180 0
49 173 0  ->  73 149 3
66 149 1  ->  49 166 2
49 159 0  ->  59 149 3
49 155 0  ->  55 149 3
0 160 2  ->  60 0 1
50 19 2  ->  0 130 0
50 19 2  ->  0 130 0
50 19 2  ->  0 130 0
50 18 2  ->  0 131 0
50 18 2  ->  0 131 0
50 19 2  ->  0 130 0
60 0 3  ->  0 160 0
49 154 0  ->  54 149 3
0 183 2  ->  83 0 1
79 0 3  ->  0 179 0
0 140 2  ->  50 9 0
55 0 3  ->  0 155 0
50 0 2  ->  0 149 0
0 150 2  ->  50 0 1
50 3 2  ->  0 146 0
0 154 2  ->  54 0 1
50 15 2  ->  0 134 0
50 49 2  ->  0 100 0
0 104 2  ->  50 45 0
50 34 2  ->  0 115 0
0 111 2  ->  50 38 0
50 40 2  ->  0 109 0
3 100 3  ->  50 53 0
50 44 2  ->  0 105 0
0 100 3  ->  50 50 0
50 50 2  ->  0 100 1
0 107 2  ->  50 42 0
0 132 2  ->  50 17 0
0 132 2  ->  50 17 0
0 132 2  ->  50 17 0
0 132 2  ->  50 17 0
136182
